31.8235	0.1
31.8245	0.467
31.8254	0.683
31.8264	0.717
31.8274	0.767
31.8284	0.95
31.8294	1
31.8304	1.117
31.8315	1.333
31.8325	1.7
31.8335	2.083
31.8346	2.433
31.8356	2.833
31.8366	3.6
31.8376	4.617
31.8387	5.567
31.8397	6.75
31.8407	7.467
31.8417	8
31.8428	9.15
31.8438	10.767
31.8448	13.05
31.8459	15.2
31.8469	17.317
31.8479	20.1
31.8489	21.367
31.85	21.55
31.851	23.3
31.852	26.933
31.853	29.717
31.8541	29.967
31.8551	29.617
31.8561	30.017
31.8572	29.133
31.8582	28.233
31.8592	29.383
31.8602	30.367
31.8612	28.717
31.8622	28.2
31.8632	30
31.8641	30.517
31.8651	30.5
31.8661	28.817
31.867	24.033
31.868	17.4
31.869	14.7
31.87	13.633
31.8709	13.067
31.8719	12.617
31.8729	12.567
31.8738	11.733
31.8748	9.483
31.8758	8.633
31.8768	7.133
31.8777	6.333
31.8787	5.517
31.8797	5.183
31.8806	4.683
31.8816	2.783
31.8826	2.6
31.8836	1.883
31.8845	2.183
31.8855	2.367
31.8865	2.817
31.8874	3.133
31.8884	2.3
31.8894	1.95
31.8904	1.717
31.8913	1.867
31.8923	1.817
31.8933	2.25
31.8942	2.533
31.8952	1.883
31.8962	1.3
31.8973	1.217
31.8983	1.383
31.8993	1.483
31.9003	1.95
31.9014	2.267
31.9024	1.883
31.9034	1.133
31.9045	1.183
31.9055	1.117
31.9065	1.15
31.9075	1.617
31.9086	1.883
31.9096	1.767
31.9106	0.583
31.9117	0.95
31.9127	0.783
31.9137	0.917
31.9147	1.267
31.9158	1.617
31.9168	1.75
31.9178	0.75
31.9189	0.817
31.9199	0.583
31.9209	0.9
31.9219	0.983
31.923	1.517
31.924	1.8
31.925	1.3
31.9261	0.533
31.9271	0.783
31.9281	0.767
31.9291	0.833
31.9301	1.233
31.931	1.567
31.932	1.583
31.933	0.483
31.9339	0.733
31.9349	0.6
31.9359	0.9
31.9369	0.833
31.9378	1.483
31.9388	1.65
31.9398	1.233
31.9407	0.467
31.9417	0.783
31.9427	0.683
31.9437	1.033
31.9446	1.2
31.9456	1.733
31.9466	1.7
31.9475	0.917
31.9485	0.95
31.9495	0.917
31.9505	1.05
31.9514	1.2
31.9524	1.6
31.9534	2.033
31.9543	1.817
31.9553	1.033
31.9563	1.433
31.9573	1.217
31.9582	1.567
31.9592	1.7
31.9602	2.15
31.9611	2.45
31.9621	2.033
31.9631	1.583
31.9641	2.167
31.9652	1.983
31.9662	2.367
31.9672	2.467
31.9682	2.967
31.9693	3.167
31.9703	2.567
31.9713	2.617
31.9724	2.983
31.9734	2.667
31.9744	2.833
31.9754	2.833
31.9765	3.117
31.9775	3.333
31.9785	2.85
31.9796	2.75
31.9806	3.233
31.9816	2.817
31.9826	2.9
31.9837	2.917
31.9847	3.2
31.9857	3.5
31.9868	3.433
31.9878	3.083
31.9888	3.517
31.9898	3.533
31.9909	3.283
31.9919	3.35
31.9929	3.25
31.994	3.6
31.995	3.8
31.996	3.533
31.997	3.25
31.998	3.633
31.9989	3.283
31.9999	3.15
32.0009	3.083
32.0018	3.117
32.0028	3.567
32.0038	3.967
32.0048	4.117
32.0057	3.683
32.0067	3.8
32.0077	3.417
32.0086	3.133
32.0096	3.233
32.0106	3.317
32.0116	3.9
32.0125	4.717
32.0135	5.15
32.0145	4.783
32.0154	4.583
32.0164	4.583
32.0174	4.167
32.0184	4
32.0193	3.817
32.0203	3.6
32.0213	3.7
32.0222	3.8
32.0232	3.933
32.0242	3.517
32.0252	3.333
32.0261	3.467
32.0271	2.933
32.0281	2.8
32.029	2.933
32.03	3.35
32.031	3.983
32.032	4.367
32.033	4.55
32.0341	4.067
32.0351	3.867
32.0361	4.35
32.0372	4.583
32.0382	4.9
32.0392	5.2
32.0402	5.083
32.0413	4.983
32.0423	4.933
32.0433	4.933
32.0444	4.767
32.0454	4.267
32.0464	4.083
32.0474	3.933
32.0485	3.45
32.0495	3.367
32.0505	3.317
32.0515	3.167
32.0526	3.2
32.0536	3.6
32.0546	4.35
32.0557	5.7
32.0567	6.517
32.0577	7.283
32.0587	7.383
32.0598	6.783
32.0608	5.967
32.0618	5.033
32.0629	4.3
32.0639	3.85
32.0649	3.683
32.0658	3.85
32.0668	4.15
32.0678	4.5
32.0688	4.733
32.0697	4.783
32.0707	4.633
32.0717	4.483
32.0726	4.317
32.0736	4.15
32.0746	4.05
32.0756	3.8
32.0765	3.467
32.0775	3.167
32.0785	3.117
32.0794	3.083
32.0804	3.05
32.0814	2.983
32.0824	2.883
32.0833	2.867
32.0843	2.867
32.0853	2.783
32.0862	2.633
32.0872	2.45
32.0882	2.25
32.0892	2.167
32.0901	2.167
32.0911	2.217
32.0921	2.267
32.0931	2.4
32.094	2.333
32.095	2.183
32.096	2.033
32.0969	1.917
32.0979	1.833
32.0989	1.767
32.0999	1.683
32.1009	1.6
32.102	1.533
32.103	1.5
32.104	1.483
32.1051	1.467
32.1061	1.467
32.1071	1.517
32.1081	1.533
32.1092	1.467
32.1102	1.4
32.1112	1.3
32.1122	1.133
32.1133	1.067
32.1143	1
32.1153	0.933
32.1164	0.85
32.1174	0.767
32.1184	0.7
32.1194	0.667
32.1205	0.617
32.1215	0.617
32.1225	0.667
32.1236	0.667
32.1246	0.6
32.1256	0.55
32.1266	0.517
32.1277	0.483
32.1287	0.483
32.1297	0.5
32.1307	0.517
32.1318	0.517
32.1328	0.517
32.1337	0.533
32.1347	0.533
32.1357	0.55
32.1366	0.567
32.1376	0.583
32.1386	0.583
32.1396	0.533
32.1405	0.483
32.1415	0.45
32.1425	0.417
32.1434	0.383
32.1444	0.367
32.1454	0.35
32.1464	0.317
32.1473	0.317
32.1483	0.317
32.1493	0.3
32.2357	0.383
32.2367	0.4
32.2377	0.717
32.2387	0.983
32.2398	0.267
32.2408	0.233
32.248	0.3
32.249	0.25
32.2501	0.233
32.2511	0.267
32.2521	0.383
32.2531	0.217
32.2542	0.733
32.2552	1.017
32.2562	0.317
32.1503	0.283
32.1512	0.25
32.1522	0.25
32.1532	0.267
32.1541	0.283
32.1551	0.3
32.1561	0.283
32.1571	0.317
32.158	0.35
32.159	0.383
32.16	0.4
32.1609	0.367
32.1619	0.333
32.1571	0.317
32.158	0.35
32.159	0.383
32.16	0.4
32.1609	0.367
32.1619	0.333
32.1629	0.35
32.1639	0.4
32.1648	0.417
32.1658	0.417
32.1668	0.433
32.1678	0.45
32.1688	0.483
32.1699	0.5
32.1709	0.483
32.1719	0.517
32.173	0.567
32.174	0.633
32.175	0.683
32.176	0.717
32.1771	0.75
32.1781	0.9
32.1791	1.1
32.1801	1.2
32.1812	1.25
32.1822	1.2
32.1832	1.167
32.1843	1.25
32.1853	1.4
32.1863	1.633
32.1873	1.867
32.1884	1.933
32.1894	1.6
32.1904	1.3
32.1915	1.55
32.1925	1.917
32.1935	2.15
32.1945	1.333
32.1956	1.4
32.1966	1.533
32.1976	1.667
32.1987	1.617
32.1997	1.833
32.2007	1.983
32.2016	1.833
32.2026	1.15
32.2036	1.167
32.2045	0.817
32.2055	0.55
32.2065	0.483
32.2074	0.667
32.2084	0.95
32.2094	0.383
32.2104	0.417
32.2113	0.15
32.2123	0.233
32.2133	0.333
32.2142	0.417
32.2152	0.783
32.2162	0.8
32.2172	0.25
32.2181	0.25
32.2191	0.3
32.2201	0.233
32.4266	0.717
32.4276	0.75
32.4285	0.867
32.4295	1.033
32.4305	1.367
32.4315	1.617
32.4324	1.667
32.4334	1.25
32.4344	0.883
32.4353	1.267
32.4363	0.933
32.4373	0.533
32.4383	0.583
32.4393	0.8
32.4403	1.333
32.4413	1.75
32.4424	1.85
32.4434	1.017
32.4444	0.683
32.4454	1.3
32.4465	1.183
32.4475	0.867
32.4485	1
32.4496	1.35
32.4506	2.4
32.4516	3.583
32.4526	3.833
32.4537	2.983
32.4547	3.75
32.4557	3.417
32.4567	2.783
32.4578	2.65
32.4588	2.45
32.4598	3.083
32.4609	3.7
32.4619	2.933
32.4629	1.833
32.4639	2.85
32.465	2.35
32.466	2
32.467	2.383
32.468	2.4
32.4691	3.85
32.4701	4.4
32.4711	3.4
32.4721	2.6
32.4731	3.083
32.474	2.417
32.475	2.133
32.476	2.233
32.477	2.167
32.4779	3
32.4789	2.917
32.4799	1.65
32.4808	1.15
32.4818	1.667
32.4828	0.933
32.4838	1.2
32.4847	1.067
32.4857	1.333
32.4867	2
32.4876	1.75
32.4886	0.7
32.4896	0.55
32.4906	0.883
32.4915	0.433
32.4925	0.833
32.4935	0.617
32.4944	1.083
32.4954	1.6
32.4964	1.3
32.4974	0.267
32.4983	0.583
32.4993	0.5
32.5003	0.35
32.5012	0.583
32.5022	0.433
32.5032	0.917
32.5042	1.167
32.5051	0.55
32.5061	-0.05
32.5071	0.4
32.5082	0.117
32.5092	0.217
32.5102	0.333
32.5112	0.383
32.5123	0.85
32.5133	0.767
32.5143	0.2
32.5154	-0.083
32.5164	0.267
32.5174	0
32.5185	0.2
32.5195	0.083
32.5205	0.383
32.5215	0.733
32.5226	0.617
32.5236	0
32.5246	-0.05
32.5257	0.133
32.5267	-0.017
32.5277	0.217
32.5288	0.033
32.5298	0.417
32.5308	0.65
32.5318	0.5
32.5329	-0.083
32.5339	0
32.5349	0.05
32.536	0
32.537	0.2
32.538	0
32.5391	0.45
32.54	0.567
32.541	0.317
32.542	-0.217
32.5429	0.1
32.5439	-0.017
32.5449	0
32.5458	0.133
32.5468	0
32.5478	0.5
32.5487	0.517
32.5497	0.317
32.5507	-0.3
32.5517	0.133
32.5526	-0.033
32.5536	0.083
32.5546	0.05
32.5555	0.05
32.5565	0.417
32.5575	0.5
32.5584	0.333
32.5594	-0.233
32.5604	0.1
32.5613	-0.017
32.5623	0.083
32.5633	0.067
32.5643	-0.017
32.5652	0.367
32.5662	0.467
32.5672	0.5
32.5681	-0.2
32.5691	0.117
32.5701	-0.033
32.571	0.033
32.572	0.117
32.573	-0.017
32.574	0.25
32.575	0.433
32.576	0.533
32.577	-0.067
32.5781	0
32.5791	0.083
32.5801	-0.033
32.5812	0.2
32.5822	0.017
32.5832	0.2
32.5842	0.3
32.5853	0.567
32.5863	0.333
32.5873	-0.05
32.5884	0.083
32.5894	0
32.5904	0.15
32.5914	0.067
32.5925	0.117
32.5935	0.167
32.5945	0.367
32.5956	0.567
32.5966	0.25
32.5976	-0.017
32.5986	0.15
32.5997	0.033
32.6007	0.183
32.6017	0.1
32.6028	0.15
32.6038	0.167
32.6048	0.417
32.6058	0.55
32.6069	0.45
32.6078	0.017
32.6088	0.2
32.6098	0.083
32.6108	0.25
32.6117	0.15
32.6127	0.233
32.6137	0.2
32.6146	0.3
32.6156	0.5
32.6166	0.583
32.6176	0.333
32.6185	0.1
32.6195	0.183
32.6205	0.15
32.6214	0.233
32.6224	0.167
32.6234	0.233
32.6244	0.217
32.6253	0.333
32.6263	0.5
32.6273	0.533
32.6282	0.3
32.6292	0.083
32.6302	0.183
32.6312	0.117
32.6321	0.217
32.6331	0.183
32.6341	0.217
32.635	0.2
32.636	0.25
32.637	0.4
32.6379	0.517
32.6389	0.4
32.6399	0.117
32.6409	0.167
32.6418	0.15
32.6429	0.217
32.6439	0.183
32.6449	0.233
32.646	0.183
32.647	0.25
32.648	0.3
32.649	0.483
32.6501	0.533
32.6511	0.417
32.6521	0.15
32.6532	0.2
32.6542	0.183
32.6552	0.233
32.6563	0.217
32.6573	0.25
32.6583	0.25
32.6593	0.267
32.6604	0.367
32.6614	0.467
32.6624	0.567
32.6635	0.45
32.6645	0.267
32.6655	0.183
32.6666	0.233
32.6676	0.25
32.6686	0.25
32.6696	0.25
32.6707	0.25
32.6717	0.267
32.6727	0.333
32.6738	0.417
32.6748	0.5
32.6758	0.45
32.6767	0.283
32.6777	0.133
32.6787	0.217
32.6796	0.183
32.6806	0.233
32.6816	0.217
32.6826	0.233
32.6835	0.25
32.6845	0.317
32.6855	0.383
32.6864	0.467
32.6874	0.483
32.6884	0.35
32.6893	0.2
32.6903	0.167
32.6913	0.217
32.6923	0.217
32.6932	0.25
32.6942	0.233
32.6952	0.233
32.6961	0.267
32.6971	0.367
32.6981	0.433
32.699	0.483
32.7	0.467
32.701	0.35
32.7019	0.217
32.7029	0.217
32.7039	0.233
32.7049	0.25
32.7058	0.25
32.7068	0.25
32.7078	0.25
32.8377	0.1
32.8387	0.1
32.8397	0.1
32.8407	0.117
32.8416	0.117
32.8426	0.1
32.8436	0.117
32.8445	0.117
32.8455	0.117
32.8465	0.1
32.8476	0.1
32.8486	0.1
32.8496	0.1
32.8507	0.1
32.8517	0.1
32.8527	0.1
32.8537	0.1
32.8548	0.1
32.8558	0.1
32.8568	0.083
32.8578	0.083
32.8589	0.083
32.8599	0.083
32.8609	0.083
32.862	0.083
32.863	0.067
32.864	0.067
32.865	0.067
32.8661	0.067
32.8671	0.067
32.8681	0.05
32.8691	0.067
32.8702	0.067
32.8712	0.05
32.8722	0.067
32.8732	0.067
32.8743	0.05
32.8753	0.05
32.8763	0.05
32.8774	0.05
32.8784	0.05
32.8794	0.05
32.8803	0.05
32.8813	0.05
32.8823	0.05
32.8832	0.05
32.8842	0.033
32.8852	0.033
32.8861	0.033
32.8871	0.033
32.8881	0.033
32.8891	0.033
32.89	0.017
32.891	0.017
32.892	0.033
32.8929	0.017
32.8939	0.017
32.8949	0.017
32.8959	0.033
32.8968	0.017
32.8978	0.017
32.8988	0.017
32.8997	0.017
32.9007	0.017
32.9017	0.017
32.9026	0.017
32.9036	0.017
32.9046	0.017
32.9056	0.017
32.9065	0.017
32.9075	0.017
32.9085	0.017
32.9094	0.017
32.9104	0.017
32.9114	0.017
32.9124	0.017
32.9133	0.017
32.9144	0.017
32.9154	0.05
32.9164	0.183
32.9174	0.283
32.9185	0.517
32.9195	1.033
32.9205	1.367
32.9216	1.7
32.9226	2.4
32.9236	3.417
32.9246	5.167
32.9257	7.833
32.9267	11.267
32.9277	15.333
32.9288	19.533
32.9298	19.55
32.9308	20.117
32.9318	20.917
32.9329	21.933
32.9339	24.6
32.9349	24.467
32.936	23.017
32.937	24.417
32.938	23.983
32.939	24.85
32.9401	27.333
32.9411	28.317
32.9421	27.1
32.9432	21.933
32.9442	20.117
32.9452	16.167
32.9462	13.433
32.9472	14.617
32.9482	14.167
32.9492	9.917
32.9501	7.45
32.9511	8.067
32.9521	7.067
32.953	6.733
32.954	8.333
32.955	8.483
32.956	5.75
32.9569	3.3
32.9579	4.333
32.9589	3.283
32.9598	3.55
32.9608	5.683
32.9618	6.283
32.9628	3.4
32.9637	2.65
32.9647	3.533
32.9657	2.667
32.9666	3.017
32.9676	4.833
32.9686	5.1
32.9696	2.9
32.9705	1.567
32.9715	2.667
32.9725	1.567
32.9734	1.883
32.9744	3.717
32.9754	3.967
32.9764	1.117
32.9773	0.683
32.9783	1.617
32.9793	0.833
32.9802	1.117
32.9812	2.85
32.9822	3.183
32.9833	1.317
32.9843	0.3
32.9853	1.567
32.9863	0.85
32.9874	0.833
32.9884	2.7
32.9894	3.35
32.9905	0.983
32.9915	0.117
32.9925	1.217
32.9936	0.85
32.9946	0.45
32.9956	1.983
32.9966	2.95
32.9977	1.75
32.9987	-0.4
32.9997	0.683
33.0008	0.783
33.0018	-0.017
33.0028	1.1
33.0038	2.583
33.0049	2.283
33.0059	-0.217
33.0069	0.1
33.008	0.85
33.009	0.183
33.01	0.383
33.011	1.883
33.0121	2.4
33.0131	1.05
33.0141	-0.417
33.0151	0.75
33.0161	0.717
33.017	0.05
33.018	0.983
33.019	2.317
33.02	2.05
33.0209	0.35
33.0219	0.4
33.0229	1.367
33.0238	0.867
33.0248	0.6
33.0258	1.717
33.0267	2.7
33.0277	2.2
33.0287	0.683
33.0297	1.35
33.0306	2.083
33.0316	1.367
33.0326	1.283
33.0335	2.483
33.0345	3.133
33.0355	2.533
33.0365	1.267
33.0374	1.767
33.0384	2.317
33.0394	1.717
33.0403	1.633
33.0413	2.45
33.0423	3.483
33.0433	3.367
33.0442	2.1
33.0452	2.417
33.0462	3.133
33.0471	2.317
33.0481	2.25
33.0491	2.917
33.0501	3.683
33.0511	4.033
33.0522	2.917
33.0532	2.45
33.0542	3.15
33.0553	2.617
33.0563	2.2
33.0573	2.683
33.0583	3.267
33.0594	4.1
33.0604	4
33.0614	2.65
33.0625	3.2
33.0635	3.45
33.0645	2.717
33.0594	4.1
33.0604	4
33.0614	2.65
33.0625	3.2
33.0635	3.45
33.0645	2.717
33.0655	2.683
33.0666	3.033
33.0676	3.467
33.0686	4.117
33.0697	3.383
33.0707	2.567
33.0717	3.25
33.0727	3.133
33.0738	2.317
33.0748	2.483
33.0758	2.683
33.0769	3.3
33.0779	4.017
33.0789	3.7
33.0799	2.883
33.081	3.217
33.082	3.317
33.0655	2.683
33.0666	3.033
33.0676	3.467
33.0686	4.117
33.0697	3.383
33.0707	2.567
33.0717	3.25
33.0727	3.133
33.0738	2.317
33.0748	2.483
33.0758	2.683
33.0769	3.3
33.0779	4.017
33.0789	3.7
33.0799	2.883
33.081	3.217
33.082	3.317
33.083	2.633
33.0839	2.583
33.0849	2.717
33.0859	3.083
33.0869	4.05
33.0878	4.517
33.0888	3.983
33.0898	3.45
33.0907	3.867
33.0917	3.433
33.0927	3.183
33.0937	3.283
33.0946	3.283
33.0956	3.85
33.0966	4.5
33.0975	4.883
33.0985	4.65
33.0995	4.367
33.1005	4.533
33.1014	4.167
33.1024	3.867
33.1034	3.717
33.1043	3.533
33.1053	3.833
33.1063	3.983
33.1073	3.917
33.1082	3.883
33.1092	3.483
33.1102	3
33.1111	3.017
33.1121	3.067
33.1131	2.95
33.114	2.883
33.115	2.817
33.116	2.8
33.117	2.65
33.118	2.45
33.119	2.333
33.1201	2.317
33.1211	2.317
33.1221	2.3
33.1231	2.267
33.1242	2.217
33.1252	2.167
33.1262	2.15
33.1273	2.167
33.1283	2.183
33.1293	2.167
33.1303	2.167
33.1314	2.117
33.1324	2.083
33.1334	2.1
33.1345	2.117
33.1355	2.133
33.1365	2.15
33.1375	2.167
33.1386	2.183
33.1396	2.183
33.1406	2.15
33.1417	2.1
33.1427	2.017
33.1437	1.9
33.1447	1.783
33.1458	1.65
33.1468	1.533
33.1478	1.433
33.1489	1.383
33.1499	1.35
33.1509	1.333
33.1518	1.3
33.1528	1.25
33.1538	1.233
33.1547	1.2
33.1557	1.133
33.1567	1.083
33.1468	1.533
33.1478	1.433
33.1489	1.383
33.1499	1.35
33.1509	1.333
33.1518	1.3
33.1528	1.25
33.1538	1.233
33.1547	1.2
33.1557	1.133
33.1567	1.083
33.1577	1.033
33.1586	0.983
33.1596	0.933
33.1606	0.883
33.1615	0.817
33.1625	0.767
33.1635	0.7
33.1645	0.65
33.1654	0.617
33.1664	0.583
33.1674	0.567
33.1683	0.533
33.1693	0.517
33.1703	0.467
33.1713	0.45
33.1722	0.417
33.1732	0.4
33.1742	0.367
33.1751	0.35
33.1761	0.35
33.1771	0.333
33.1781	0.333
33.179	0.333
33.18	0.35
33.181	0.367
33.1819	0.333
33.1829	0.3
33.1839	0.267
33.1849	0.25
33.1859	0.233
33.1869	0.233
33.1499	0.35
33.1509	0.333
33.1518	0.3
33.1528	0.25
33.1538	0.233
33.1547	0.2
33.1557	0.133
33.1567	0.083
33.1468	0.533
33.1478	0.433
33.1489	0.383
33.1499	0.35
33.1509	0.333
33.1518	0.3
33.1528	0.25
33.1538	0.233
33.1547	0.2
33.1557	0.133
33.1567	0.083
33.1577	0.033
33.1586	0.983
33.1596	0.933
33.1606	0.883
33.1615	0.817
33.1625	0.767
33.1635	0.7
33.1645	0.65
33.1654	0.617
33.1664	0.583
33.1674	0.567
33.1683	0.533
33.1693	0.517
33.1703	0.467
33.1713	0.45
33.1722	0.417
33.1732	0.4
33.1742	0.367
33.1751	0.35
33.1761	0.35
33.1771	0.333
33.1781	0.333
33.179	0.333
33.18	0.35
33.181	0.367
33.1819	0.333
33.1829	0.3
33.1839	0.267
33.1849	0.25
33.1859	0.233
33.1869	0.233
33.1879	0.25
33.189	0.317
33.19	0.367
33.191	0.517
33.1921	0.667
33.1931	0.85
33.1941	1.033
33.1951	1.133
33.1962	1.25
33.1972	1.467
33.1982	1.8
33.1992	2.083
33.2003	2.317
33.2013	2.55
33.2023	2.933
33.2034	3.283
33.2044	4.017
33.2054	4.75
33.2064	5.4
33.2075	5.85
33.2085	6.25
33.2095	6.3
33.2106	5.367
33.2116	4.483
33.2126	4.083
33.2136	4.85
33.2147	5.633
33.2157	5.717
33.2167	5.183
33.2178	5.167
33.2187	5.05
33.2197	4.9
33.2207	4.3
33.2216	3.833
33.2226	3.6
33.2236	3.3
33.2246	2.667
33.2323	1.683
33.2333	1.4
33.2343	1.25
33.2352	1.3
33.2362	1.55
33.2372	1.633
33.2382	1.733
33.2391	1.817
33.2401	2.017
33.2411	2.283
33.242	2.05
33.243	1.6
33.244	1.5
33.245	1.567
33.2459	1.45
33.2469	1.417
33.2479	1.417
33.2488	1.517
33.4418	2.083
33.4428	2.383
33.4438	2.8
33.4447	3.967
33.4457	6.117
33.4467	9.667
33.4476	13.7
33.4486	17.7
33.4496	21.95
33.4505	26.3
33.4515	30.483
33.4525	34.75
33.4535	40.833
33.4544	45.933
33.4554	52.8
33.4564	61.083
33.4573	66.217
33.4584	53.817
33.4594	47.333
33.4604	45.083
33.4615	46.9
33.4625	47.083
33.4635	44.6
33.4645	41.3
33.4656	37.733
33.4666	30.617
33.4676	26.117
33.4687	23.017
33.4697	20.283
33.4707	19.25
33.4717	16.983
33.4728	14.1
33.4738	12.133
33.4748	10.8
33.4759	10.017
33.4769	9.867
33.4779	8.717
33.4789	7.783
33.48	6.833
33.481	6.55
33.482	6.867
33.483	6.367
33.4841	5.383
33.4851	4.9
33.4861	4.8
33.4872	4.167
33.4882	3.967
33.4892	3.667
33.4902	3.833
33.4912	4.1
33.4922	3.8
33.4932	3.15
33.4941	2.883
33.4951	2.75
33.4961	2.4
33.497	2.283
33.498	2.017
33.499	2.183
33.5	2.383
33.5009	2.083
33.5019	1.433
33.5029	1.433
33.5038	1.383
33.5048	1.333
33.5058	1.35
33.5068	1.217
33.5077	1.483
33.5087	1.75
33.5097	1.583
33.5106	0.933
33.5116	0.983
33.5126	0.967
33.5136	0.933
33.5145	0.933
33.5155	0.8
33.5165	1.05
33.5174	1.3
33.5184	1.183
33.5194	0.6
33.5204	0.6
33.5213	0.683
33.5223	0.667
33.5233	0.7
33.5242	0.567
33.5252	0.817
33.5263	1.083
33.5273	1.05
33.5283	0.517
33.5293	0.483
33.5304	0.5
33.5314	0.55
33.5324	0.517
33.5335	0.417
33.5345	0.6
33.5355	0.85
33.5365	0.867
33.5376	0.3
33.5386	0.3
33.5396	0.367
33.5407	0.433
33.5417	0.417
33.5427	0.283
33.5437	0.467
33.5448	0.683
33.5458	0.733
33.5468	0.333
33.5479	0.133
33.5489	0.25
33.5499	0.283
33.5509	0.35
33.552	0.217
33.553	0.3
33.554	0.483
33.5551	0.65
33.5561	0.5
33.5571	0.083
33.5581	0.133
33.5591	0.2
33.5601	0.283
33.5611	0.2
33.562	0.15
33.563	0.25
33.564	0.433
33.5649	0.533
33.5659	0.267
33.5669	0
33.5679	0.083
33.5688	0.15
33.5698	0.217
33.5708	0.133
33.5717	0.117
33.5727	0.217
33.5737	0.383
33.5747	0.45
33.5756	0.317
33.5766	0.017
33.5776	0.017
33.5785	0.083
33.5795	0.167
33.5805	0.1
33.5815	0.067
33.5824	0.133
33.5834	0.25
33.5844	0.35
33.5853	0.333
33.5853	0.333
33.5863	0.117
33.5873	-0.033
33.5883	0.033
33.5892	0.1
33.5902	0.133
33.5912	0.05
33.5921	0.033
33.5931	0.117
33.5941	0.233
33.5952	0.317
33.5962	0.317
33.5972	0.1
33.5983	-0.05
33.5993	0.017
33.6003	0.1
33.6013	0.1
33.6024	0.033
33.6034	0.033
33.6044	0.117
33.6055	0.2
33.6065	0.25
33.6075	0.267
33.6085	0.133
33.6096	-0.05
33.6106	-0.017
33.6116	0.05
33.6127	0.083
33.6137	0.05
33.6147	0.017
33.6157	0.067
33.6168	0.15
33.6178	0.217
33.6188	0.25
33.6199	0.2
33.6209	0.05
33.6219	-0.05
33.6229	0
33.624	0.067
33.625	0.05
33.626	0.033
33.627	0.033
33.628	0.067
33.6289	0.133
33.6299	0.183
33.6309	0.217
33.6319	0.167
33.6328	0.017
33.6338	-0.05
33.6348	0
33.6357	0.05
33.6367	0.05
33.6377	0.017
33.6387	0.033
33.6396	0.067
33.6406	0.083
33.6416	0.133
33.6425	0.2
33.6435	0.167
33.6445	0.05
33.6455	-0.033
33.6464	-0.017
33.6474	0.033
33.6484	0.033
33.6493	0.033
33.6503	0.017
33.6513	0.033
33.6523	0.05
33.6532	0.083
33.6542	0.15
33.6493	0.033
33.6503	0.017
33.6513	0.033
33.6523	0.05
33.6532	0.083
33.6542	0.15
33.6552	0.183
33.6561	0.133
33.6571	0.017
33.6581	-0.033
33.6591	0
33.66	0.033
33.661	0.033
33.662	0.017
33.6631	0.017
33.6641	0.033
33.6651	0.05
33.6661	0.083
33.6672	0.117
33.6682	0.15
33.6692	0.083
33.6703	0
33.6713	-0.033
33.6723	0.017
33.6733	0.033
33.6744	0.017
33.6754	0
33.6764	0.017
33.6775	0.033
33.6785	0.033
33.6795	0.067
33.6805	0.1
33.6816	0.117
33.6826	0.05
33.6836	-0.017
33.6847	-0.033
33.6857	0
33.6867	0.017
33.6877	0.017
33.6888	0
33.6898	0
33.6908	0.017
33.6919	0.033
33.6929	0.033
33.6939	0.05
33.6949	0.067
33.6959	0.033
33.6968	0.017
33.6978	-0.033
33.6988	-0.033
33.6997	0
33.7007	0
33.7017	0
33.7027	0
33.7036	0
33.7046	0
33.7056	0
33.7065	0
33.7075	0.017
33.7085	0.017
33.7095	0.017
33.7104	0.017
33.7114	0
33.7124	0
33.7133	0
33.7143	-0.017
33.7153	-0.017
33.7163	0
33.7172	0
33.7182	0.017
33.7192	0.017
33.7201	0.017
33.7211	0
33.7221	-0.017
33.723	-0.017
33.724	-0.017
33.725	0
33.726	0
33.7269	-0.017
33.7279	0
33.7289	0
33.7299	0
33.7309	0
33.732	0



